00001
00002
00004
00009
00010
00012
00013
00014
00015
00017
00018
00019
00021
00023
00024
00026
00027
00028
00029
00031
00033
00036
00037
00038
00039
00041
00042
00043
00044
00046
00047
00048
00049
00050
00051
00052
00053
00056
00057
00058
00059
00060
00062
00063
00064
00065
00066
00067
00070
00071
00072
00073
00075
00076
00078
00081
00083
00084
00085
00086
00088
00090
00091
00092
00094
00095
00096
00097
00098
00099
00100
00102
00104
00108
00109
00110
00112
00113
00114
00117
00118
00119
00121
00122
00123
00124
00127
00128
00129
00130
00131
00132
00133
00134
00135
00136
00137
00138
00141
00142
00143
00144
00145
00146
00148
00149
00150
00151
00152
00154
00155
00156
00157
00158
00159
00160
00161
00164
00165
00166
00168
00169
00171
00173
00174
00175
00179
00180
00181
00182
00183
00184
00186
00189
00190
00194
00195
00196
00197
00200
00202
00204
00205
00206
00207
00209
00212
00214
00215
00216
00218
00219
00220
00221
00222
00223
00224
00225
00230
00231
00232
